3034
1862
1189
3333
706
590
491
3141
637
2418
1225
1892
499
3330
2426
1546
2492
210
2158
2951
1987
3370
1307
3358
3084
1811
1588
3610
2697
27
1962
1398
2489
3171
3643
1933
1391
126
2529
2921
1677
1386
2037
142
2802
3074
2309
3525
2650
2714
83
951
532
1272
949
2857
99
1823
540
2700
1393
296
1545
642
1295
694
1019
1350
3244
3646
121
1478
2135
574
2970
1072
2916
2528
1390
3110
987
189
2760
3006
2134
3441
689
2784
1255
14
1175
3454
1213
2480
1681
2283
989
438
3397
2340
2495
180
2481
2914
613
1705
3106
3513
1952
1866
983
3278
358
2429
1975
2778
2517
1854
2290
663
2402
2934
846
2837
2818
2695
2542
1445
639
1434
1165
1591
1465
1947
2981
3489
2775
2122
940
832
1364
9
1125
3307
627
2920
3021
2210
2471
2197
1826
415
2790
798
84
2288
1911
3111
493
2855
928
2035
1935
1883
1757
1505
207
144
2513
384
1913
387
2249
1498
1727
3276
3118
2833
2033
1068
723
3062
479
3139
557
2241
2501
3318
391
3622
3075
2604
530
3555
2890
2468
3234
3425
422
1174
1820
1732
2612
1543
3336
278
1051
137
852
3506
961
579
2443
2451
3279
772
392
36
3094
449
3395
1787
2272
3528
3649
3265
221
1587
862
936
327
2428
3164
2123
2416
1262
3079
1176
450
536
907
2185
1658
396
2479
187
1790
913
467
758
458
3576
216
840
2809
2299
3635
2417
151
297
1082
256
455
1604
547
2448
1247
3070
2230
3045
372
2400
2487
3404
2626
2475
3235
604
3148
3450
3103
2453
2978
657
1334
2354
1303
2645
1695
2965
255
2988
1785
153
1460
512
3294
1476
1467
817
10
1279
2573
1621
2203
1188
303
350
1053
1827
269
2322
3207
1001
1715
1524
1412
3440
1671
205
1208
715
2819
588
3182
2720
2363
2062
2084
3512
1684
1800
2160
1641
3177
909
1741
2356
1700
2740
2748
649
3311
500
389
3053
2381
3521
1812
3151
1464
1738
2193
2967
2594
3444
401
435
1923
3519
49
3289
2945
1449
584
3090
1424
2227
1809
1013
3604
1342
2142
2096
1786
1859
2721
1020
2781
529
3240
2666
1640
1502
1996
1628
1517
456
3517
1579
3282
2803
2409
1852
2498
857
1230
1093
3569
1246
1679
3648
2198
1250
1693
2907
517
1300
589
814
108
318
1798
436
3588
1821
2117
1761
2233
502
1646
1283
3273
1669
736
908
3014
2271
2275
510
3625
3331
953
1006
3542
242
3547
135
1233
414
2505
2747
1678
259
1942
1114
624
2174
704
3465
3232
3257
2859
192
571
334
1510
3467
370
1446
800
1696
2663
918
1325
1832
214
1899
3055
3063
1593
2955
1954
431
1743
1149
3317
826
3220
1058
906
1784
1306
767
1750
1341
1370
630
523
659
662
1616
1997
2514
990
3345
489
2713
1664
3122
1196
3010
835
3290
2296
2576
1930
248
2100
132
1802
2938
2632
267
578
5
2184
2181
3133
2519
1389
1284
970
157
1735
750
1087
1548
321
2217
2592
1289
2927
147
3329
3583
1948
2344
1016
3109
3137
915
1468
2734
858
3589
3224
2023
2617
1736
485
2293
1458
1994
775
1525
2634
2266
2315
1293
2147
80
753
385
3574
602
2825
1722
2161
3436
261
183
1275
1117
2822
1392
2524
3227
1142
3169
95
1092
1561
28
2794
995
1024
65
304
3501
2652
958
407
782
2922
521
2410
921
1002
2578
3515
2712
1469
1815
39
719
292
2408
2256
1927
388
2061
263
3456
1793
3048
3420
3640
2106
2450
1972
1021
3284
1850
722
3043
3316
2753
1970
1365
2077
872
563
3666
2896
2334
793
2200
2068
570
2854
3126
2316
494
339
3024
2065
2885
3197
2478
616
1673
1872
3510
2868
3255
667
1822
1340
2593
2675
3347
371
661
1676
1499
2387
1638
76
1191
2019
2706
1856
243
3120
302
1586
1396
2889
3026
3348
1178
1124
1248
568
1128
2887
878
1907
1959
3213
2250
1011
3061
962
194
3042
2306
691
1218
1473
2252
2186
1127
69
1547
3069
824
2317
2703
3136
3639
444
1420
2281
1983
3426
98
777
2201
2460
808
2691
2570
1173
1714
354
3054
583
3392
2336
324
2984
894
544
768
3503
1606
235
2774
2637
773
2228
3341
1414
154
2668
3527
2564
223
1437
787
2405
805
2982
2214
2591
3092
2224
3302
2843
993
2268
550
2710
1891
1806
227
3254
2941
3130
170
182
3245
920
1277
819
340
3313
825
3409
2972
2301
2143
2892
311
105
290
2476
1313
2076
882
3565
3041
2393
2349
3129
551
3000
2558
3040
386
3539
904
35
2321
2209
2326
788
3066
2590
272
165
2985
2119
1583
1540
1253
1580
3359
2533
359
1726
692
2869
2221
150
1712
679
3550
2608
2606
2472
2371
3434
284
2625
1829
425
1710
41
617
1428
3300
1701
1817
1421
868
727
3637
1485
3236
2758
3091
2912
1945
3390
1418
2826
3283
585
2979
430
3102
1235
1324
161
2090
1084
3483
2145
2932
1625
2973
1022
1627
2799
19
2507
1610
1917
1529
3523
1572
1135
2395
2719
1493
3150
2785
1592
2289
2888
1630
139
335
1224
911
2696
2756
3144
935
1226
3654
3611
3082
2325
1841
566
3286
1285
305
497
1595
1244
1054
508
129
2407
1487
3125
3590
1317
20
1083
2099
1607
1216
1884
2709
1910
2643
3038
2646
1085
831
555
3121
3059
3342
1797
3541
1697
3412
612
2046
2566
3401
880
3277
519
2110
1609
2613
2579
1269
3396
718
3354
2977
1690
1260
3114
1301
3557
2006
1336
3445
3288
789
3127
3536
3471
3419
1600
1876
2903
1210
417
3545
2497
1857
2728
688
2954
3147
18
2600
598
2861
1411
1559
322
1835
82
3112
3447
123
116
1164
1167
2469
2745
2870
1643
2318
2078
3215
287
937
405
2239
1079
3587
2156
3168
2072
724
2229
655
2694
1521
2244
549
3327
2827
2580
1179
1030
3128
2324
1799
486
3157
3057
347
3044
2828
575
1219
3015
16
2155
2659
1622
1280
2723
47
845
1789
2793
1902
1905
2264
416
3113
1144
3037
1271
3349
282
3012
2678
307
765
2075
721
1312
2813
168
2335
252
2798
1171
3628
3315
705
409
2654
203
3485
1
1416
1291
2726
2151
1629
3535
1080
1150
411
2133
3618
1459
1195
2877
1612
3600
1824
863
2512
